0.000000 0.500000 
0.500000 0.403705 
1.000000 0.229091 
1.500000 0.009627 
2.000000 -0.211731 
2.500000 -0.391610 
3.000000 -0.495456 
3.500000 -0.503846 
4.000000 -0.415232 
4.500000 -0.246126 
5.000000 -0.028866 
5.500000 0.194069 
6.000000 0.378964 
6.500000 0.490221 
7.000000 0.506989 
7.500000 0.426175 
8.000000 0.262811 
8.500000 0.048065 
9.000000 -0.176130 
9.500000 -0.365783 
10.000000 -0.484301 
10.500000 -0.509426 
11.000000 -0.436520 
11.500000 -0.279123 
12.000000 -0.067194 
12.500000 0.157941 
13.000000 0.352086 
13.500000 0.477704 
14.000000 0.511152 
14.500000 0.446251 
15.000000 0.295039 
15.500000 0.086228 
16.000000 -0.139527 
16.500000 -0.337891 
17.000000 -0.470439 
17.500000 -0.512166 
18.000000 -0.455358 
18.500000 -0.310537 
19.000000 -0.105138 
19.500000 0.120913 
20.000000 0.323219 
20.500000 0.462516 
21.000000 0.512466 
21.500000 0.463826 
22.000000 0.325594 
22.500000 0.123899 
23.000000 -0.102127 
23.500000 -0.308090 
24.000000 -0.453945 
24.500000 -0.512052 
25.000000 -0.471644 
25.500000 -0.340191 
26.000000 -0.142482 
26.500000 0.083195 
27.000000 0.292524 
27.500000 0.444738 
28.000000 0.510924 
28.500000 0.478803 
29.000000 0.354308 
29.500000 0.160863 
30.000000 -0.064144 
30.500000 -0.276543 
31.000000 -0.434908 
31.500000 -0.509084 
32.000000 -0.485292 
32.500000 -0.367924 
33.000000 -0.179014 
33.500000 0.045002 
34.000000 0.260170 
34.500000 0.424467 
35.000000 0.506535 
35.500000 0.491103 
36.000000 0.381020 
36.500000 0.196909 
37.000000 -0.025795 
37.500000 -0.243428 
38.000000 -0.413429 
38.500000 -0.503279 
39.000000 -0.496229 
39.500000 -0.393580 
40.000000 -0.214525 
40.500000 0.006551 
41.000000 0.226339 
41.500000 0.401811 
42.000000 0.499321 
42.500000 0.500661 
43.000000 0.405585 
43.500000 0.231835 
44.000000 0.012702 
44.500000 -0.208929 
45.000000 -0.389626 
45.500000 -0.494666 
46.000000 -0.504396 
46.500000 -0.417020 
47.000000 -0.248816 
47.500000 -0.031937 
48.000000 0.191221 
48.500000 0.376893 
49.000000 0.489321 
49.500000 0.507426 
50.000000 0.427868 
