0.000000 1.000000 1.000000 
0.500000 1.500000 1.648721 
1.000000 2.250000 2.718282 
1.500000 3.375000 4.481689 
2.000000 5.062500 7.389056 
2.500000 7.593750 12.182494 
3.000000 11.390625 20.085537 
3.500000 17.085938 33.115452 
4.000000 25.628906 54.598150 
4.500000 38.443359 90.017131 
5.000000 57.665039 148.413159 
5.500000 86.497559 244.691932 
6.000000 129.746338 403.428793 
6.500000 194.619507 665.141633 
7.000000 291.929260 1096.633158 
7.500000 437.893890 1808.042414 
8.000000 656.840836 2980.957987 
8.500000 985.261253 4914.768840 
9.000000 1477.891880 8103.083928 
9.500000 2216.837820 13359.726830 
10.000000 3325.256730 22026.465795 
10.500000 4987.885095 36315.502674 
11.000000 7481.827643 59874.141715 
11.500000 11222.741464 98715.771011 
12.000000 16834.112196 162754.791419 
12.500000 25251.168294 268337.286521 
13.000000 37876.752441 442413.392009 
13.500000 56815.128662 729416.369848 
14.000000 85222.692992 1202604.284165 
14.500000 127834.039489 1982759.263538 
15.000000 191751.059233 3269017.372472 
15.500000 287626.588849 5389698.476283 
16.000000 431439.883274 8886110.520508 
16.500000 647159.824911 14650719.428954 
17.000000 970739.737366 24154952.753575 
17.500000 1456109.606050 39824784.397576 
18.000000 2184164.409075 65659969.137331 
18.500000 3276246.613612 108254987.750231 
19.000000 4914369.920418 178482300.963187 
19.500000 7371554.880627 294267566.041509 
20.000000 11057332.320940 485165195.409790 
20.500000 16585998.481410 799902177.475505 
21.000000 24878997.722115 1318815734.483215 
21.500000 37318496.583173 2174359553.576489 
22.000000 55977744.874759 3584912846.131592 
22.500000 83966617.312138 5910522063.023291 
23.000000 125949925.968207 9744803446.248903 
23.500000 188924888.952311 16066464720.622478 
24.000000 283387333.428467 26489122129.843472 
24.500000 425081000.142700 43673179097.646416 
25.000000 637621500.214050 72004899337.385880 
25.500000 956432250.321074 118716009132.169650 
26.000000 1434648375.481612 195729609428.838780 
26.500000 2151972563.222417 322703570371.154850 
27.000000 3227958844.833626 532048240601.798650 
27.500000 4841938267.250439 877199251318.764890 
28.000000 7262907400.875658 1446257064291.475100 
28.500000 10894361101.313488 2384474784797.677700 
29.000000 16341541651.970232 3931334297144.042000 
29.500000 24512312477.955349 6481674477934.320300 
30.000000 36768468716.933022 10686474581524.463000 
30.500000 55152703075.399536 17619017951355.633000 
31.000000 82729054613.099304 29048849665247.426000 
31.500000 124093581919.648960 47893456332463.727000 
32.000000 186140372879.473450 78962960182680.687000 
32.500000 279210559319.210210 130187912050632.940000 
33.000000 418815838978.815310 214643579785916.060000 
33.500000 628223758468.222900 353887435612259.870000 
34.000000 942335637702.334350 583461742527454.870000 
34.500000 1413503456553.501500 961965785544776.370000 
35.000000 2120255184830.252200 1586013452313430.700000 
35.500000 3180382777245.378400 2614894114445696.500000 
36.000000 4770574165868.067400 4311231547115195.000000 
36.500000 7155861248802.101600 7108019154642244.000000 
37.000000 10733791873203.152000 11719142372802612.000000 
37.500000 16100687809804.729000 19321599304402836.000000 
38.000000 24151031714707.094000 31855931757113756.000000 
38.500000 36226547572060.641000 52521552285925160.000000 
39.000000 54339821358090.961000 86593400423993744.000000 
39.500000 81509732037136.437000 142768381181291980.000000 
40.000000 122264598055704.660000 235385266837020000.000000 
