0.000000 1.000000 1.000000 
0.500000 0.500000 0.606531 
1.000000 0.250000 0.367879 
1.500000 0.125000 0.223130 
2.000000 0.062500 0.135335 
2.500000 0.031250 0.082085 
3.000000 0.015625 0.049787 
3.500000 0.007813 0.030197 
4.000000 0.003906 0.018316 
4.500000 0.001953 0.011109 
5.000000 0.000977 0.006738 
5.500000 0.000488 0.004087 
6.000000 0.000244 0.002479 
6.500000 0.000122 0.001503 
7.000000 0.000061 0.000912 
7.500000 0.000031 0.000553 
8.000000 0.000015 0.000335 
8.500000 0.000008 0.000203 
9.000000 0.000004 0.000123 
9.500000 0.000002 0.000075 
10.000000 0.000001 0.000045 
10.500000 0.000000 0.000028 
11.000000 0.000000 0.000017 
11.500000 0.000000 0.000010 
12.000000 0.000000 0.000006 
12.500000 0.000000 0.000004 
13.000000 0.000000 0.000002 
13.500000 0.000000 0.000001 
14.000000 0.000000 0.000001 
14.500000 0.000000 0.000001 
15.000000 0.000000 0.000000 
15.500000 0.000000 0.000000 
16.000000 0.000000 0.000000 
16.500000 0.000000 0.000000 
17.000000 0.000000 0.000000 
17.500000 0.000000 0.000000 
18.000000 0.000000 0.000000 
18.500000 0.000000 0.000000 
19.000000 0.000000 0.000000 
19.500000 0.000000 0.000000 
20.000000 0.000000 0.000000 
20.500000 0.000000 0.000000 
21.000000 0.000000 0.000000 
21.500000 0.000000 0.000000 
22.000000 0.000000 0.000000 
22.500000 0.000000 0.000000 
23.000000 0.000000 0.000000 
23.500000 0.000000 0.000000 
24.000000 0.000000 0.000000 
24.500000 0.000000 0.000000 
25.000000 0.000000 0.000000 
25.500000 0.000000 0.000000 
26.000000 0.000000 0.000000 
26.500000 0.000000 0.000000 
27.000000 0.000000 0.000000 
27.500000 0.000000 0.000000 
28.000000 0.000000 0.000000 
28.500000 0.000000 0.000000 
29.000000 0.000000 0.000000 
29.500000 0.000000 0.000000 
30.000000 0.000000 0.000000 
30.500000 0.000000 0.000000 
31.000000 0.000000 0.000000 
31.500000 0.000000 0.000000 
32.000000 0.000000 0.000000 
32.500000 0.000000 0.000000 
33.000000 0.000000 0.000000 
33.500000 0.000000 0.000000 
34.000000 0.000000 0.000000 
34.500000 0.000000 0.000000 
35.000000 0.000000 0.000000 
35.500000 0.000000 0.000000 
36.000000 0.000000 0.000000 
36.500000 0.000000 0.000000 
37.000000 0.000000 0.000000 
37.500000 0.000000 0.000000 
38.000000 0.000000 0.000000 
38.500000 0.000000 0.000000 
39.000000 0.000000 0.000000 
39.500000 0.000000 0.000000 
40.000000 0.000000 0.000000 
